(matrixID,Local ID) => (x,y) => simID
(1,0) => (2,1) => 10
(1,1) => (3,2) => 19
(1,2) => (0,0) => 0
(1,3) => (2,0) => 2
(1,4) => (3,0) => 3
(1,5) => (1,0) => 1
(1,6) => (3,1) => 11
(1,7) => (1,1) => 9
(1,8) => (1,3) => 25
(1,9) => (0,1) => 8
(1,10) => (0,2) => 16
(1,11) => (3,3) => 27
(1,12) => (2,3) => 26
(1,13) => (0,3) => 24
(1,14) => (1,2) => 17
(1,15) => (2,2) => 18
(2,0) => (2,5) => 42
(2,1) => (3,6) => 51
(2,2) => (0,4) => 32
(2,3) => (2,4) => 34
(2,4) => (3,4) => 35
(2,5) => (1,4) => 33
(2,6) => (3,5) => 43
(2,7) => (1,5) => 41
(2,8) => (1,7) => 57
(2,9) => (0,5) => 40
(2,10) => (0,6) => 48
(2,11) => (3,7) => 59
(2,12) => (2,7) => 58
(2,13) => (0,7) => 56
(2,14) => (1,6) => 49
(2,15) => (2,6) => 50
(3,0) => (2,9) => 74
(3,1) => (3,10) => 83
(3,2) => (0,8) => 64
(3,3) => (2,8) => 66
(3,4) => (3,8) => 67
(3,5) => (1,8) => 65
(3,6) => (3,9) => 75
(3,7) => (1,9) => 73
(3,8) => (1,11) => 89
(3,9) => (0,9) => 72
(3,10) => (0,10) => 80
(3,11) => (3,11) => 91
(3,12) => (2,11) => 90
(3,13) => (0,11) => 88
(3,14) => (1,10) => 81
(3,15) => (2,10) => 82
(4,0) => (5,2) => 21
(4,1) => (4,1) => 12
(4,2) => (7,3) => 31
(4,3) => (5,3) => 29
(4,4) => (4,3) => 28
(4,5) => (6,3) => 30
(4,6) => (4,2) => 20
(4,7) => (6,2) => 22
(4,8) => (6,0) => 6
(4,9) => (7,2) => 23
(4,10) => (7,1) => 15
(4,11) => (4,0) => 4
(4,12) => (5,0) => 5
(4,13) => (7,0) => 7
(4,14) => (6,1) => 14
(4,15) => (5,1) => 13
(5,0) => (5,6) => 53
(5,1) => (4,5) => 44
(5,2) => (7,7) => 63
(5,3) => (5,7) => 61
(5,4) => (4,7) => 60
(5,5) => (6,7) => 62
(5,6) => (4,6) => 52
(5,7) => (6,6) => 54
(5,8) => (6,4) => 38
(5,9) => (7,6) => 55
(5,10) => (7,5) => 47
(5,11) => (4,4) => 36
(5,12) => (5,4) => 37
(5,13) => (7,4) => 39
(5,14) => (6,5) => 46
(5,15) => (5,5) => 45
(6,0) => (5,10) => 85
(6,1) => (4,9) => 76
(6,2) => (7,11) => 95
(6,3) => (5,11) => 93
(6,4) => (4,11) => 92
(6,5) => (6,11) => 94
(6,6) => (4,10) => 84
(6,7) => (6,10) => 86
(6,8) => (6,8) => 70
(6,9) => (7,10) => 87
(6,10) => (7,9) => 79
(6,11) => (4,8) => 68
(6,12) => (5,8) => 69
(6,13) => (7,8) => 71
(6,14) => (6,9) => 78
(6,15) => (5,9) => 77
